# 1 ElapsedSecs
# 2 RefCentroidX 
# 3 RefCentroidY
# 4 CurCentroidX
# 5 CurCentroidY
# 6 GuideErrX
# 7 GuideErrY
# 8 TotGuideErr
# 9 XPlusRelay
# 10 XMinusRelay
# 11 YPlusRelay
# 12 YMinusRelay
# 13 PecIndexRA
# 14 PecIndexDec
  0.000000   8.010000   8.460000   7.974300   8.508800  -0.035700   0.048800   0.060500   0.000000          0          0          0          0          0 
  2.178000   8.010000   8.460000   7.950100   8.586600  -0.059900   0.126600   0.140000   0.000000          0          0          0          0          0 
  3.246000   8.010000   8.460000   7.941300   8.552000  -0.068700   0.092000   0.114900   0.000000          0          0          0          0          0 
  4.313000   8.010000   8.460000   8.019100   8.428700   0.009100  -0.031300   0.032600   0.000000          0          0          0          0          0 
  5.380000   8.010000   8.460000   7.923700   8.543400  -0.086300   0.083400   0.120000   0.000000          0          0          0          0          0 
  6.447000   8.010000   8.460000   7.933200   8.517300  -0.076800   0.057300   0.095800   0.000000          0          0          0          0          0 
  7.514000   8.010000   8.460000   7.948800   8.614500  -0.061200   0.154500   0.166200   0.000000          0          0          0          0          0 
  8.581000   8.010000   8.460000   7.991300   8.568800  -0.018700   0.108800   0.110400   0.000000          0          0          0          0          0 
  9.648000   8.010000   8.460000   8.049000   8.574300   0.039000   0.114300   0.120800   0.000000          0          0          0          0          0 
 10.715000   8.010000   8.460000   7.950900   8.598700  -0.059100   0.138700   0.150800   0.000000          0          0          0          0          0 
 11.784000   8.010000   8.460000   8.018800   8.616100   0.008800   0.156100   0.156400   0.000000          0          0          0          0          0 
 12.861000   8.010000   8.460000   7.989300   8.580800  -0.020700   0.120800   0.122600   0.000000          0          0          0          0          0 
 13.929000   8.010000   8.460000   7.948800   8.608100  -0.061200   0.148100   0.160200   0.000000          0          0          0          0          0 
 15.005000   8.010000   8.460000   8.041300   8.578500   0.031300   0.118500   0.122500   0.000000          0          0          0          0          0 
 16.071000   8.010000   8.460000   8.008100   8.610700  -0.001900   0.150700   0.150700   0.000000          0          0          0          0          0 
 17.139000   8.010000   8.460000   8.025500   8.549800   0.015500   0.089800   0.091200   0.000000          0          0          0          0          0 
 18.216000   8.010000   8.460000   8.042900   8.524500   0.032900   0.064500   0.072400   0.000000          0          0          0          0          0 
 19.291000   8.010000   8.460000   8.049400   8.490300   0.039400   0.030300   0.049700   0.000000          0          0          0          0          0 
 20.362000   8.010000   8.460000   7.959000   8.596800  -0.051000   0.136800   0.145900   0.000000          0          0          0          0          0 
 21.441000   8.010000   8.460000   8.014200   8.582400   0.004200   0.122400   0.122500   0.000000          0          0          0          0          0 
 22.515000   8.010000   8.460000   8.014800   8.613800   0.004800   0.153800   0.153900   0.000000          0          0          0          0          0 
 23.582000   8.010000   8.460000   8.030000   8.672800   0.020000   0.212800   0.213700   0.000000          0          0          0          0          0 
 24.661000   8.010000   8.460000   8.021700   8.577900   0.011700   0.117900   0.118400   0.000000          0          0          0          0          0 
 25.742000   8.010000   8.460000   8.076100   8.634200   0.066100   0.174200   0.186300   0.000000          0          0          0          0          0 
 26.814000   8.010000   8.460000   7.989200   8.543900  -0.020800   0.083900   0.086500   0.000000          0          0          0          0          0 
 27.881000   8.010000   8.460000   8.038900   8.559200   0.028900   0.099200   0.103400   0.000000          0          0          0          0          0 
 28.948000   8.010000   8.460000   8.023800   8.671300   0.013800   0.211300   0.211800   0.000000          0          0          0          0          0 
 30.015000   8.010000   8.460000   8.031800   8.599000   0.021800   0.139000   0.140700   0.000000          0          0          0          0          0 
 31.082000   8.010000   8.460000   8.027600   8.661400   0.017600   0.201400   0.202200   0.000000          0          0          0          0          0 
 32.150000   8.010000   8.460000   8.039500   8.590700   0.029500   0.130700   0.134000   0.000000          0          0          0          0          0 
 33.232000   8.010000   8.460000   8.006800   8.671600  -0.003200   0.211600   0.211600   0.000000          0          0          0          0          0 
 34.317000   8.010000   8.460000   7.983700   8.585300  -0.026300   0.125300   0.128100   0.000000          0          0          0          0          0 
 35.393000   8.010000   8.460000   8.047800   8.713200   0.037800   0.253200   0.256000   0.000000          0          0          0          0          0 
 36.469000   8.010000   8.460000   7.957400   8.580400  -0.052600   0.120400   0.131400   0.000000          0          0          0          0          0 
 37.536000   8.010000   8.460000   8.028600   8.659300   0.018600   0.199300   0.200200   0.000000          0          0          0          0          0 
 38.603000   8.010000   8.460000   8.088300   8.729500   0.078300   0.269500   0.280700   0.000000          0          0          0          0          0 
 39.671000   8.010000   8.460000   8.014900   8.626900   0.004900   0.166900   0.167000   0.000000          0          0          0          0          0 
 40.740000   8.010000   8.460000   8.029000   8.750000   0.019000   0.290000   0.290700   0.000000          0          0          0          0          0 
 41.816000   8.010000   8.460000   7.996500   8.686000  -0.013500   0.226000   0.226400   0.000000          0          0          0          0          0 
 42.893000   8.010000   8.460000   7.999400   8.738700  -0.010600   0.278700   0.278900   0.000000          0          0          0          0          0 
 43.961000   8.010000   8.460000   8.005500   8.623300  -0.004500   0.163300   0.163400   0.000000          0          0          0          0          0 
 45.036000   8.010000   8.460000   8.016700   8.623000   0.006700   0.163000   0.163100   0.000000          0          0          0          0          0 
 46.103000   8.010000   8.460000   8.025700   8.753500   0.015700   0.293500   0.293900   0.000000          0          0          0          0          0 
 47.172000   8.010000   8.460000   8.086000   8.650100   0.076000   0.190100   0.204800   0.000000          0          0          0          0          0 
 48.251000   8.010000   8.460000   8.023500   8.680500   0.013500   0.220500   0.221000   0.000000          0          0          0          0          0 
 49.328000   8.010000   8.460000   8.055400   8.662100   0.045400   0.202100   0.207200   0.000000          0          0          0          0          0 
 50.402000   8.010000   8.460000   8.035300   8.651900   0.025300   0.191900   0.193600   0.000000          0          0          0          0          0 
 51.472000   8.010000   8.460000   8.012300   8.652600   0.002300   0.192600   0.192600   0.000000          0          0          0          0          0 
 52.547000   8.010000   8.460000   7.965200   8.644000  -0.044800   0.184000   0.189400   0.000000          0          0          0          0          0 
 53.614000   8.010000   8.460000   8.047400   8.727000   0.037400   0.267000   0.269600   0.000000          0          0          0          0          0 
 54.681000   8.010000   8.460000   7.991000   8.712600  -0.019000   0.252600   0.253300   0.000000          0          0          0          0          0 
 55.748000   8.010000   8.460000   7.926800   8.724400  -0.083200   0.264400   0.277200   0.000000          0          0          0          0          0 
 56.816000   8.010000   8.460000   8.022700   8.645900   0.012700   0.185900   0.186300   0.000000          0          0          0          0          0 
 57.883000   8.010000   8.460000   8.053300   8.697300   0.043300   0.237300   0.241200   0.000000          0          0          0          0          0 
 58.952000   8.010000   8.460000   8.021700   8.710000   0.011700   0.250000   0.250300   0.000000          0          0          0          0          0 
 60.027000   8.010000   8.460000   7.984000   8.725900  -0.026000   0.265900   0.267200   0.000000          0          0          0          0          0 
 61.098000   8.010000   8.460000   8.022300   8.552200   0.012300   0.092200   0.093000   0.000000          0          0          0          0          0 
 62.172000   8.010000   8.460000   8.022100   8.610500   0.012100   0.150500   0.151000   0.000000          0          0          0          0          0 
 63.241000   8.010000   8.460000   7.937400   8.677700  -0.072600   0.217700   0.229400   0.000000          0          0          0          0          0 
 64.316000   8.010000   8.460000   8.049100   8.723600   0.039100   0.263600   0.266500   0.000000          0          0          0          0          0 
 65.398000   8.010000   8.460000   8.046700   8.594000   0.036700   0.134000   0.139000   0.000000          0          0          0          0          0 
 66.472000   8.010000   8.460000   8.023100   8.717300   0.013100   0.257300   0.257600   0.000000          0          0          0          0          0 
 67.548000   8.010000   8.460000   7.907400   8.673400  -0.102600   0.213400   0.236800   0.000000          0          0          0          0          0 
 68.615000   8.010000   8.460000   8.034000   8.746400   0.024000   0.286400   0.287400   0.000000          0          0          0          0          0 
 69.682000   8.010000   8.460000   7.985500   8.646200  -0.024500   0.186200   0.187800   0.000000          0          0          0          0          0 
 70.749000   8.010000   8.460000   7.962900   8.706700  -0.047100   0.246700   0.251200   0.000000          0          0          0          0          0 
 71.819000   8.010000   8.460000   7.939900   8.798300  -0.070100   0.338300   0.345500   0.000000          0          0          0          0          0 
 72.894000   8.010000   8.460000   8.020200   8.759300   0.010200   0.299300   0.299500   0.000000          0          0          0          0          0 
 73.962000   8.010000   8.460000   7.903300   8.637700  -0.106700   0.177700   0.207300   0.000000          0          0          0          0          0 
 75.038000   8.010000   8.460000   8.032600   8.777200   0.022600   0.317200   0.318000   0.000000          0          0          0          0          0 
 76.116000   8.010000   8.460000   7.997200   8.671200  -0.012800   0.211200   0.211600   0.000000          0          0          0          0          0 
 77.196000   8.010000   8.460000   8.034700   8.735700   0.024700   0.275700   0.276800   0.000000          0          0          0          0          0 
 78.270000   8.010000   8.460000   8.101900   8.738600   0.091900   0.278600   0.293400   0.000000          0          0          0          0          0 
 79.341000   8.010000   8.460000   8.020400   8.792800   0.010400   0.332800   0.332900   0.000000          0          0          0          0          0 
 80.415000   8.010000   8.460000   7.976200   8.744000  -0.033800   0.284000   0.286000   0.000000          0          0          0          0          0 
 81.483000   8.010000   8.460000   8.035400   8.697800   0.025400   0.237800   0.239100   0.000000          0          0          0          0          0 
 82.550000   8.010000   8.460000   7.979600   8.767700  -0.030400   0.307700   0.309200   0.000000          0          0          0          0          0 
 83.626000   8.010000   8.460000   7.995300   8.724400  -0.014700   0.264400   0.264800   0.000000          0          0          0          0          0 
 84.695000   8.010000   8.460000   8.036400   8.760800   0.026400   0.300800   0.302000   0.000000          0          0          0          0          0 
 85.771000   8.010000   8.460000   8.041100   8.799400   0.031100   0.339400   0.340800   0.000000          0          0          0          0          0 
 86.838000   8.010000   8.460000   7.952600   8.763500  -0.057400   0.303500   0.308900   0.000000          0          0          0          0          0 
 87.905000   8.010000   8.460000   8.022200   8.752600   0.012200   0.292600   0.292800   0.000000          0          0          0          0          0 
 88.974000   8.010000   8.460000   8.114800   8.690700   0.104800   0.230700   0.253400   0.000000          0          0          0          0          0 
 90.049000   8.010000   8.460000   8.023500   8.722300   0.013500   0.262300   0.262600   0.000000          0          0          0          0          0 
 91.116000   8.010000   8.460000   8.045400   8.716700   0.035400   0.256700   0.259100   0.000000          0          0          0          0          0 
 92.184000   8.010000   8.460000   8.013500   8.783700   0.003500   0.323700   0.323700   0.000000          0          0          0          0          0 
 93.264000   8.010000   8.460000   8.006200   8.730100  -0.003800   0.270100   0.270100   0.000000          0          0          0          0          0 
 94.338000   8.010000   8.460000   8.047300   8.691100   0.037300   0.231100   0.234100   0.000000          0          0          0          0          0 
 95.415000   8.010000   8.460000   8.049400   8.795400   0.039400   0.335400   0.337700   0.000000          0          0          0          0          0 
 96.483000   8.010000   8.460000   8.092900   8.759700   0.082900   0.299700   0.311000   0.000000          0          0          0          0          0 
 97.561000   8.010000   8.460000   7.951400   8.770200  -0.058600   0.310200   0.315600   0.000000          0          0          0          0          0 
 98.637000   8.010000   8.460000   8.080800   8.813800   0.070800   0.353800   0.360800   0.000000          0          0          0          0          0 
 99.708000   8.010000   8.460000   8.028400   8.718300   0.018400   0.258300   0.258900   0.000000          0          0          0          0          0 
100.782000   8.010000   8.460000   8.020500   8.752600   0.010500   0.292600   0.292800   0.000000          0          0          0          0          0 
101.848000   8.010000   8.460000   8.015900   8.696000   0.005900   0.236000   0.236100   0.000000          0          0          0          0          0 
102.916000   8.010000   8.460000   7.983600   8.702300  -0.026400   0.242300   0.243700   0.000000          0          0          0          0          0 
103.983000   8.010000   8.460000   7.973900   8.785800  -0.036100   0.325800   0.327800   0.000000          0          0          0          0          0 
105.051000   8.010000   8.460000   7.970700   8.767200  -0.039300   0.307200   0.309700   0.000000          0          0          0          0          0 
106.129000   8.010000   8.460000   7.980500   8.820300  -0.029500   0.360300   0.361500   0.000000          0          0          0          0          0 
107.205000   8.010000   8.460000   8.002800   8.759000  -0.007200   0.299000   0.299000   0.000000          0          0          0          0          0 
108.272000   8.010000   8.460000   7.985800   8.761600  -0.024200   0.301600   0.302600   0.000000          0          0          0          0          0 
109.339000   8.010000   8.460000   7.997600   8.745800  -0.012400   0.285800   0.286100   0.000000          0          0          0          0          0 
110.408000   8.010000   8.460000   8.068200   8.859800   0.058200   0.399800   0.404000   0.000000          0          0          0          0          0 
111.484000   8.010000   8.460000   8.039800   8.835100   0.029800   0.375100   0.376200   0.000000          0          0          0          0          0 
112.551000   8.010000   8.460000   7.986400   8.753800  -0.023600   0.293800   0.294800   0.000000          0          0          0          0          0 
113.619000   8.010000   8.460000   7.958200   8.877600  -0.051800   0.417600   0.420800   0.000000          0          0          0          0          0 
114.697000   8.010000   8.460000   7.983100   8.696000  -0.026900   0.236000   0.237600   0.000000          0          0          0          0          0 
115.774000   8.010000   8.460000   7.980200   8.844000  -0.029800   0.384000   0.385200   0.000000          0          0          0          0          0 
116.849000   8.010000   8.460000   8.081300   8.783400   0.071300   0.323400   0.331100   0.000000          0          0          0          0          0 
117.918000   8.010000   8.460000   8.050800   8.883400   0.040800   0.423400   0.425400   0.000000          0          0          0          0          0 
118.994000   8.010000   8.460000   7.970600   8.801800  -0.039400   0.341800   0.344100   0.000000          0          0          0          0          0 
120.064000   8.010000   8.460000   7.975200   8.826100  -0.034800   0.366100   0.367700   0.000000          0          0          0          0          0 
121.141000   8.010000   8.460000   8.012400   8.835300   0.002400   0.375300   0.375300   0.000000          0          0          0          0          0 
122.215000   8.010000   8.460000   7.899600   8.909300  -0.110400   0.449300   0.462700   0.000000          0          0          0          0          0 
123.283000   8.010000   8.460000   7.981600   8.889300  -0.028400   0.429300   0.430300   0.000000          0          0          0          0          0 
124.352000   8.010000   8.460000   8.022400   8.825000   0.012400   0.365000   0.365300   0.000000          0          0          0          0          0 
125.427000   8.010000   8.460000   8.006000   8.861400  -0.004000   0.401400   0.401400   0.000000          0          0          0          0          0 
126.495000   8.010000   8.460000   7.964100   8.839900  -0.045900   0.379900   0.382700   0.000000          0          0          0          0          0 
127.561000   8.010000   8.460000   7.971100   8.849200  -0.038900   0.389200   0.391200   0.000000          0          0          0          0          0 
128.629000   8.010000   8.460000   8.020600   8.865900   0.010600   0.405900   0.406000   0.000000          0          0          0          0          0 
129.696000   8.010000   8.460000   7.984800   8.909900  -0.025200   0.449900   0.450600   0.000000          0          0          0          0          0 
130.763000   8.010000   8.460000   8.036100   8.815100   0.026100   0.355100   0.356000   0.000000          0          0          0          0          0 
131.830000   8.010000   8.460000   8.062800   8.835000   0.052800   0.375000   0.378700   0.000000          0          0          0          0          0 
132.899000   8.010000   8.460000   8.041600   8.828500   0.031600   0.368500   0.369900   0.000000          0          0          0          0          0 
133.976000   8.010000   8.460000   7.925000   8.903700  -0.085000   0.443700   0.451800   0.000000          0          0          0          0          0 
135.052000   8.010000   8.460000   7.945500   8.867100  -0.064500   0.407100   0.412200   0.000000          0          0          0          0          0 
136.131000   8.010000   8.460000   7.974000   8.848700  -0.036000   0.388700   0.390300   0.000000          0          0          0          0          0 
137.207000   8.010000   8.460000   8.022300   8.838100   0.012300   0.378100   0.378300   0.000000          0          0          0          0          0 
138.273000   8.010000   8.460000   8.101400   8.856900   0.091400   0.396900   0.407300   0.000000          0          0          0          0          0 
139.343000   8.010000   8.460000   8.047800   8.864600   0.037800   0.404600   0.406400   0.000000          0          0          0          0          0 
140.422000   8.010000   8.460000   8.071300   8.915600   0.061300   0.455600   0.459700   0.000000          0          0          0          0          0 
141.499000   8.010000   8.460000   7.929300   8.995500  -0.080700   0.535500   0.541500   0.000000          0          0          0          0          0 
142.578000   8.010000   8.460000   8.063500   8.842500   0.053500   0.382500   0.386200   0.000000          0          0          0          0          0 
143.655000   8.010000   8.460000   8.084200   8.810100   0.074200   0.350100   0.357900   0.000000          0          0          0          0          0 
144.727000   8.010000   8.460000   8.056100   8.718100   0.046100   0.258100   0.262200   0.000000          0          0          0          0          0 
145.794000   8.010000   8.460000   7.989700   8.865700  -0.020300   0.405700   0.406200   0.000000          0          0          0          0          0 
146.863000   8.010000   8.460000   8.091100   9.095500   0.081100   0.635500   0.640700   0.000000          0          0          0          0          0 
147.941000   8.010000   8.460000   7.904700   9.012500  -0.105300   0.552500   0.562400   0.000000          0          0          0          0          0 
149.016000   8.010000   8.460000   7.931700   8.895400  -0.078300   0.435400   0.442400   0.000000          0          0          0          0          0 
150.084000   8.010000   8.460000   8.038900   8.921800   0.028900   0.461800   0.462700   0.000000          0          0          0          0          0 
151.161000   8.010000   8.460000   7.932600   8.928500  -0.077400   0.468500   0.474900   0.000000          0          0          0          0          0 
152.228000   8.010000   8.460000   7.992800   9.074900  -0.017200   0.614900   0.615100   0.000000          0          0          0          0          0 
153.297000   8.010000   8.460000   7.966500   9.018400  -0.043500   0.558400   0.560100   0.000000          0          0          0          0          0 
154.372000   8.010000   8.460000   8.124200   8.944300   0.114200   0.484300   0.497600   0.000000          0          0          0          0          0 
155.442000   8.010000   8.460000   8.013400   9.205000   0.003400   0.745000   0.745000   0.000000          0          0          0          0          0 
156.516000   8.010000   8.460000   8.013500   8.901300   0.003500   0.441300   0.441300   0.000000          0          0          0          0          0 
157.585000   8.010000   8.460000   8.069600   8.873900   0.059600   0.413900   0.418200   0.000000          0          0          0          0          0 
158.666000   8.010000   8.460000   7.971300   9.149200  -0.038700   0.689200   0.690300   0.000000          0          0          0          0          0 
159.737000   8.010000   8.460000   7.928900   9.188400  -0.081100   0.728400   0.732900   0.000000          0          0          0          0          0 
160.805000   8.010000   8.460000   8.052300   9.101200   0.042300   0.641200   0.642600   0.000000          0          0          0          0          0 
161.874000   8.010000   8.460000   8.050100   9.223000   0.040100   0.763000   0.764100   0.000000          0          0          0          0          0 
162.950000   8.010000   8.460000   7.923600   9.073600  -0.086400   0.613600   0.619600   0.000000          0          0          0          0          0 
164.018000   8.010000   8.460000   7.941300   9.219200  -0.068700   0.759200   0.762300   0.000000          0          0          0          0          0 
165.093000   8.010000   8.460000   8.030900   9.335700   0.020900   0.875700   0.875900   0.000000          0          0          0          0          0 
166.161000   8.010000   8.460000   8.036000   9.243200   0.026000   0.783200   0.783700   0.000000          0          0          0          0          0 
167.229000   8.010000   8.460000   7.949000   9.228100  -0.061000   0.768100   0.770600   0.000000          0          0          0          0          0 
168.300000   8.010000   8.460000   8.148500   9.146600   0.138500   0.686600   0.700500   0.000000          0          0          0          0          0 
169.373000   8.010000   8.460000   8.093100   9.239500   0.083100   0.779500   0.783900   0.000000          0          0          0          0          0 
170.440000   8.010000   8.460000   8.025200   9.254000   0.015200   0.794000   0.794200   0.000000          0          0          0          0          0 
171.508000   8.010000   8.460000   7.931700   9.157300  -0.078300   0.697300   0.701700   0.000000          0          0          0          0          0 
172.575000   8.010000   8.460000   8.052400   9.247700   0.042400   0.787700   0.788900   0.000000          0          0          0          0          0 
173.643000   8.010000   8.460000   7.933900   9.237400  -0.076100   0.777400   0.781200   0.000000          0          0          0          0          0 
174.719000   8.010000   8.460000   7.988300   9.205200  -0.021700   0.745200   0.745500   0.000000          0          0          0          0          0 
175.786000   8.010000   8.460000   7.929100   9.278700  -0.080900   0.818700   0.822700   0.000000          0          0          0          0          0 
176.853000   8.010000   8.460000   8.147700   9.337700   0.137700   0.877700   0.888400   0.000000          0          0          0          0          0 
177.921000   8.010000   8.460000   7.936600   9.332000  -0.073400   0.872000   0.875000   0.000000          0          0          0          0          0 
178.998000   8.010000   8.460000   7.995500   9.232400  -0.014500   0.772400   0.772600   0.000000          0          0          0          0          0 
180.065000   8.010000   8.460000   7.881000   9.268100  -0.129000   0.808100   0.818400   0.000000          0          0          0          0          0 
181.132000   8.010000   8.460000   8.020800   9.277600   0.010800   0.817600   0.817600   0.000000          0          0          0          0          0 
182.202000   8.010000   8.460000   7.971900   9.290500  -0.038100   0.830500   0.831400   0.000000          0          0          0          0          0 
183.277000   8.010000   8.460000   7.990600   9.191600  -0.019400   0.731600   0.731900   0.000000          0          0          0          0          0 
184.347000   8.010000   8.460000   8.024400   9.236200   0.014400   0.776200   0.776400   0.000000          0          0          0          0          0 
185.421000   8.010000   8.460000   7.971400   9.290200  -0.038600   0.830200   0.831100   0.000000          0          0          0          0          0 
186.488000   8.010000   8.460000   8.012200   9.114600   0.002200   0.654600   0.654600   0.000000          0          0          0          0          0 
187.556000   8.010000   8.460000   8.050800   9.281800   0.040800   0.821800   0.822800   0.000000          0          0          0          0          0 
188.623000   8.010000   8.460000   8.051000   9.253300   0.041000   0.793300   0.794300   0.000000          0          0          0          0          0 
189.689000   8.010000   8.460000   8.010800   9.285300   0.000800   0.825300   0.825300   0.000000          0          0          0          0          0 
190.758000   8.010000   8.460000   7.952900   9.427900  -0.057100   0.967900   0.969600   0.000000          0          0          0          0          0 
191.824000   8.010000   8.460000   7.906700   9.396400  -0.103300   0.936400   0.942000   0.000000          0          0          0          0          0 
192.895000   8.010000   8.460000   8.024500   9.257100   0.014500   0.797100   0.797200   0.000000          0          0          0          0          0 
193.969000   8.010000   8.460000   7.980300   9.336500  -0.029700   0.876500   0.877000   0.000000          0          0          0          0          0 
195.037000   8.010000   8.460000   8.049100   9.351900   0.039100   0.891900   0.892800   0.000000          0          0          0          0          0 
196.103000   8.010000   8.460000   8.016100   9.411900   0.006100   0.951900   0.951900   0.000000          0          0          0          0          0 
197.170000   8.010000   8.460000   8.101100   9.283500   0.091100   0.823500   0.828600   0.000000          0          0          0          0          0 
198.240000   8.010000   8.460000   7.953100   9.404900  -0.056900   0.944900   0.946600   0.000000          0          0          0          0          0 
199.318000   8.010000   8.460000   8.007800   9.313700  -0.002200   0.853700   0.853800   0.000000          0          0          0          0          0 
200.395000   8.010000   8.460000   8.015300   9.412600   0.005300   0.952600   0.952600   0.000000          0          0          0          0          0 
201.469000   8.010000   8.460000   8.022500   9.378100   0.012500   0.918100   0.918200   0.000000          0          0          0          0          0 
202.539000   8.010000   8.460000   7.995800   9.325300  -0.014200   0.865300   0.865400   0.000000          0          0          0          0          0 
203.614000   8.010000   8.460000   8.047100   9.422500   0.037100   0.962500   0.963200   0.000000          0          0          0          0          0 
204.683000   8.010000   8.460000   8.172800   9.351000   0.162800   0.891000   0.905700   0.000000          0          0          0          0          0 
205.760000   8.010000   8.460000   8.039100   9.380900   0.029100   0.920900   0.921400   0.000000          0          0          0          0          0 
206.836000   8.010000   8.460000   8.089700   9.358300   0.079700   0.898300   0.901800   0.000000          0          0          0          0          0 
207.902000   8.010000   8.460000   8.055200   9.327000   0.045200   0.867000   0.868200   0.000000          0          0          0          0          0 
208.981000   8.010000   8.460000   7.979000   9.386500  -0.031000   0.926500   0.927000   0.000000          0          0          0          0          0 
210.057000   8.010000   8.460000   7.976500   9.418000  -0.033500   0.958000   0.958600   0.000000          0          0          0          0          0 
211.126000   8.010000   8.460000   8.049600   9.416600   0.039600   0.956600   0.957400   0.000000          0          0          0          0          0 
212.201000   8.010000   8.460000   7.934700   9.366500  -0.075300   0.906500   0.909700   0.000000          0          0          0          0          0 
213.269000   8.010000   8.460000   8.022600   9.339600   0.012600   0.879600   0.879700   0.000000          0          0          0          0          0 
214.336000   8.010000   8.460000   7.899300   9.363400  -0.110700   0.903400   0.910200   0.000000          0          0          0          0          0 
215.405000   8.010000   8.460000   7.987500   9.358000  -0.022500   0.898000   0.898300   0.000000          0          0          0          0          0 
216.482000   8.010000   8.460000   8.001500   9.337300  -0.008500   0.877300   0.877300   0.000000          0          0          0          0          0 
217.557000   8.010000   8.460000   7.976600   9.386400  -0.033400   0.926400   0.927000   0.000000          0          0          0          0          0 
218.628000   8.010000   8.460000   8.076300   9.310600   0.066300   0.850600   0.853200   0.000000          0          0          0          0          0 
219.702000   8.010000   8.460000   7.921500   9.443000  -0.088500   0.983000   0.987000   0.000000          0          0          0          0          0 
220.779000   8.010000   8.460000   8.056000   9.359600   0.046000   0.899600   0.900800   0.000000          0          0          0          0          0 
221.847000   8.010000   8.460000   7.990400   9.391400  -0.019600   0.931400   0.931600   0.000000          0          0          0          0          0 
222.924000   8.010000   8.460000   7.996700   9.415800  -0.013300   0.955800   0.955900   0.000000          0          0          0          0          0 
223.992000   8.010000   8.460000   8.030300   9.357700   0.020300   0.897700   0.898000   0.000000          0          0          0          0          0 
225.058000   8.010000   8.460000   7.993300   9.309300  -0.016700   0.849300   0.849500   0.000000          0          0          0          0          0 
226.126000   8.010000   8.460000   8.030800   9.396500   0.020800   0.936500   0.936700   0.000000          0          0          0          0          0 
227.196000   8.010000   8.460000   7.965900   9.453800  -0.044100   0.993800   0.994800   0.000000          0          0          0          0          0 
228.291000   8.010000   8.460000   7.946200   9.450100  -0.063800   0.990100   0.992100   0.000000          0          0          0          0          0 
229.375000   8.010000   8.460000   8.046100   9.501400   0.036100   1.041400   1.042000   0.000000          0          0          0          0          0 
230.446000   8.010000   8.460000   8.000300   9.400700  -0.009700   0.940700   0.940700   0.000000          0          0          0          0          0 
231.522000   8.010000   8.460000   7.899900   9.372300  -0.110100   0.912300   0.918900   0.000000          0          0          0          0          0 
232.593000   8.010000   8.460000   8.002500   9.430200  -0.007500   0.970200   0.970300   0.000000          0          0          0          0          0 
233.666000   8.010000   8.460000   8.005800   9.494000  -0.004200   1.034000   1.034000   0.000000          0          0          0          0          0 
234.734000   8.010000   8.460000   7.939300   9.440700  -0.070700   0.980700   0.983200   0.000000          0          0          0          0          0 
235.809000   8.010000   8.460000   7.970000   9.433800  -0.040000   0.973800   0.974600   0.000000          0          0          0          0          0 
236.881000   8.010000   8.460000   7.953500   9.470800  -0.056500   1.010800   1.012400   0.000000          0          0          0          0          0 
237.956000   8.010000   8.460000   7.934200   9.459400  -0.075800   0.999400   1.002300   0.000000          0          0          0          0          0 
239.034000   8.010000   8.460000   8.019900   9.444700   0.009900   0.984700   0.984800   0.000000          0          0          0          0          0 
240.111000   8.010000   8.460000   7.880600   9.356000  -0.129400   0.896000   0.905300   0.000000          0          0          0          0          0 
241.186000   8.010000   8.460000   7.956600   9.439400  -0.053400   0.979400   0.980800   0.000000          0          0          0          0          0 
242.253000   8.010000   8.460000   8.046500   9.316800   0.036500   0.856800   0.857600   0.000000          0          0          0          0          0 
243.335000   8.010000   8.460000   7.995400   9.386000  -0.014600   0.926000   0.926100   0.000000          0          0          0          0          0 
244.408000   8.010000   8.460000   7.988500   9.377900  -0.021500   0.917900   0.918200   0.000000          0          0          0          0          0 
245.487000   8.010000   8.460000   7.887400   9.371600  -0.122600   0.911600   0.919800   0.000000          0          0          0          0          0 
246.564000   8.010000   8.460000   7.854400   9.418000  -0.155600   0.958000   0.970600   0.000000          0          0          0          0          0 
247.639000   8.010000   8.460000   7.995900   9.517000  -0.014100   1.057000   1.057100   0.000000          0          0          0          0          0 
248.706000   8.010000   8.460000   8.052200   9.494800   0.042200   1.034800   1.035600   0.000000          0          0          0          0          0 
249.773000   8.010000   8.460000   8.019200   9.539300   0.009200   1.079300   1.079300   0.000000          0          0          0          0          0 
250.842000   8.010000   8.460000   7.993800   9.507000  -0.016200   1.047000   1.047100   0.000000          0          0          0          0          0 
251.918000   8.010000   8.460000   8.042300   9.456700   0.032300   0.996700   0.997200   0.000000          0          0          0          0          0 
252.985000   8.010000   8.460000   7.954100   9.443000  -0.055900   0.983000   0.984600   0.000000          0          0          0          0          0 
254.052000   8.010000   8.460000   7.960600   9.446200  -0.049400   0.986200   0.987400   0.000000          0          0          0          0          0 
255.120000   8.010000   8.460000   7.892400   9.437300  -0.117600   0.977300   0.984400   0.000000          0          0          0          0          0 
256.187000   8.010000   8.460000   7.880700   9.494100  -0.129300   1.034100   1.042200   0.000000          0          0          0          0          0 
257.254000   8.010000   8.460000   7.941900   9.390000  -0.068100   0.930000   0.932400   0.000000          0          0          0          0          0 
258.322000   8.010000   8.460000   7.933700   9.523000  -0.076300   1.063000   1.065700   0.000000          0          0          0          0          0 
259.388000   8.010000   8.460000   7.948600   9.522000  -0.061400   1.062000   1.063800   0.000000          0          0          0          0          0 
260.455000   8.010000   8.460000   7.961700   9.491400  -0.048300   1.031400   1.032500   0.000000          0          0          0          0          0 
261.523000   8.010000   8.460000   7.971600   9.444700  -0.038400   0.984700   0.985500   0.000000          0          0          0          0          0 
262.591000   8.010000   8.460000   7.976900   9.398300  -0.033100   0.938300   0.938900   0.000000          0          0          0          0          0 
263.657000   8.010000   8.460000   7.895600   9.501700  -0.114400   1.041700   1.048000   0.000000          0          0          0          0          0 
264.727000   8.010000   8.460000   7.919400   9.428800  -0.090600   0.968800   0.973000   0.000000          0          0          0          0          0 
265.806000   8.010000   8.460000   7.937800   9.420500  -0.072200   0.960500   0.963200   0.000000          0          0          0          0          0 
266.879000   8.010000   8.460000   7.930000   9.390800  -0.080000   0.930800   0.934200   0.000000          0          0          0          0          0 
267.946000   8.010000   8.460000   8.014600   9.447300   0.004600   0.987300   0.987400   0.000000          0          0          0          0          0 
269.026000   8.010000   8.460000   7.923700   9.476700  -0.086300   1.016700   1.020400   0.000000          0          0          0          0          0 
270.104000   8.010000   8.460000   7.944100   9.424800  -0.065900   0.964800   0.967100   0.000000          0          0          0          0          0 
271.178000   8.010000   8.460000   7.916000   9.588800  -0.094000   1.128800   1.132700   0.000000          0          0          0          0          0 
272.246000   8.010000   8.460000   8.030100   9.450700   0.020100   0.990700   0.990900   0.000000          0          0          0          0          0 
273.322000   8.010000   8.460000   7.944200   9.609800  -0.065800   1.149800   1.151700   0.000000          0          0          0          0          0 
274.390000   8.010000   8.460000   7.931100   9.424200  -0.078900   0.964200   0.967400   0.000000          0          0          0          0          0 
275.471000   8.010000   8.460000   7.896200   9.398200  -0.113800   0.938200   0.945100   0.000000          0          0          0          0          0 
276.545000   8.010000   8.460000   7.950800   9.522900  -0.059200   1.062900   1.064500   0.000000          0          0          0          0          0 
277.624000   8.010000   8.460000   7.952100   9.482600  -0.057900   1.022600   1.024300   0.000000          0          0          0          0          0 
278.699000   8.010000   8.460000   7.989500   9.429700  -0.020500   0.969700   0.969900   0.000000          0          0          0          0          0 
279.775000   8.010000   8.460000   7.971700   9.414700  -0.038300   0.954700   0.955500   0.000000          0          0          0          0          0 
280.842000   8.010000   8.460000   7.957600   9.467200  -0.052400   1.007200   1.008600   0.000000          0          0          0          0          0 
281.910000   8.010000   8.460000   7.889400   9.517500  -0.120600   1.057500   1.064300   0.000000          0          0          0          0          0 
282.977000   8.010000   8.460000   7.897400   9.474100  -0.112600   1.014100   1.020400   0.000000          0          0          0          0          0 
284.044000   8.010000   8.460000   7.972900   9.439600  -0.037100   0.979600   0.980300   0.000000          0          0          0          0          0 
285.122000   8.010000   8.460000   7.929400   9.519100  -0.080600   1.059100   1.062200   0.000000          0          0          0          0          0 
286.199000   8.010000   8.460000   7.928000   9.480000  -0.082000   1.020000   1.023300   0.000000          0          0          0          0          0 
287.270000   8.010000   8.460000   7.873000   9.487300  -0.137000   1.027300   1.036400   0.000000          0          0          0          0          0 
288.343000   8.010000   8.460000   7.886100   9.479500  -0.123900   1.019500   1.027000   0.000000          0          0          0          0          0 
289.410000   8.010000   8.460000   7.987700   9.581300  -0.022300   1.121300   1.121500   0.000000          0          0          0          0          0 
290.479000   8.010000   8.460000   7.975000   9.520700  -0.035000   1.060700   1.061200   0.000000          0          0          0          0          0 
291.556000   8.010000   8.460000   7.918300   9.552800  -0.091700   1.092800   1.096700   0.000000          0          0          0          0          0 
292.632000   8.010000   8.460000   7.987100   9.522900  -0.022900   1.062900   1.063100   0.000000          0          0          0          0          0 
293.702000   8.010000   8.460000   7.846400   9.469700  -0.163600   1.009700   1.022900   0.000000          0          0          0          0          0 
294.778000   8.010000   8.460000   7.924100   9.510400  -0.085900   1.050400   1.054000   0.000000          0          0          0          0          0 
295.855000   8.010000   8.460000   7.968500   9.485100  -0.041500   1.025100   1.026000   0.000000          0          0          0          0          0 
296.932000   8.010000   8.460000   7.972800   9.568900  -0.037200   1.108900   1.109600   0.000000          0          0          0          0          0 
298.008000   8.010000   8.460000   7.958600   9.492800  -0.051400   1.032800   1.034100   0.000000          0          0          0          0          0 
299.075000   8.010000   8.460000   7.960000   9.615800  -0.050000   1.155800   1.156900   0.000000          0          0          0          0          0 
300.145000   8.010000   8.460000   7.972700   9.437600  -0.037300   0.977600   0.978300   0.000000          0          0          0          0          0 
301.220000   8.010000   8.460000   7.981000   9.545300  -0.029000   1.085300   1.085700   0.000000          0          0          0          0          0 
302.288000   8.010000   8.460000   7.975700   9.621000  -0.034300   1.161000   1.161500   0.000000          0          0          0          0          0 
303.364000   8.010000   8.460000   7.982900   9.540700  -0.027100   1.080700   1.081100   0.000000          0          0          0          0          0 
304.431000   8.010000   8.460000   7.911700   9.635300  -0.098300   1.175300   1.179400   0.000000          0          0          0          0          0 
305.509000   8.010000   8.460000   7.969900   9.431800  -0.040100   0.971800   0.972600   0.000000          0          0          0          0          0 
306.576000   8.010000   8.460000   7.987800   9.607100  -0.022200   1.147100   1.147300   0.000000          0          0          0          0          0 
